{"Addresses":[[1,4.684755,-74.119482],[5155647,4.62858477231544,-74.1846038045416],[5077064,4.63640878247889,-74.1966309486984],[5072596,4.57781211600194,-74.2314961382757],[5068333,4.69595957326691,-74.1250681890259],[4969918,4.681945,-74.13749],[4969835,4.69416778668145,-74.121733349764],[4961379,4.51274432026826,-74.1168446912116],[4960253,4.57022707028253,-74.2358619863502],[4942884,4.497894,-74.108939],[4931569,4.745335,-74.119554],[4879790,4.64645029540087,-74.1415347269878],[4877941,4.67167644007038,-74.1509058896634],[4869281,4.71597753755152,-74.1204875576781],[4680288,4.5693022388178,-74.2357000468752],[4680287,4.53666414834379,-74.0924983589838],[4531438,4.69409819528088,-74.1113975328904],[4418083,4.65019492170327,-74.145469858711],[4404953,4.7126354942406,-74.0992011222674],[4009555,4.63585900151272,-74.1268572644181],[3994408,4.72107075857991,-74.1323220327889],[3953249,4.75585,-74.0235823],[3794415,4.72953505676009,-74.1173684758375],[3251233,4.759929,-74.032799],[3247508,4.70507682172349,-74.0978175820735],[3151794,4.71803604395444,-74.1278582582949],[3141575,4.6859822,-74.148242],[3105313,4.64676916864027,-74.1746483206622],[3104166,4.58454389020582,-74.1042420441294],[3080139,4.57131475254414,-74.1113500389095],[3053567,4.65258784376887,-74.0642979928432],[2589732,4.5908990622228,-74.2191033180003],[2242217,4.61163405696549,-74.1069898426553],[2164860,4.5804775815064,-74.2006262664895],[1823867,4.67604251106092,-74.1110956028712],[623312,4.68468770967194,-74.1022141958641]],"distance_matrix":[[0,9544,10099,17191,1391,2020,1075,19128,18126,20810,6736,4910,3773,3473,18185,16736,1371,4802,3829,5498,4281,13245,4984,12733,3297,3815,3190,7431,11270,12646,7084,15192,8247,14674,1342,1913],[0,0,1591,7673,9983,7903,10086,14910,8624,16778,14849,5170,6075,12038,8690,14446,10903,4958,13301,6451,11803,22774,13473,22278,12839,11767,7548,2303,10164,10318,13598,5672,8806,5636,9706,11058],[0,1591,0,7575,10331,8282,10495,16349,8547,18212,14821,6207,6407,12226,8627,16007,11418,5873,13727,7733,11807,23327,13579,22765,13350,11852,7690,2694,11752,11905,14776,5640,10310,6235,10454,11760],[0,7673,7575,0,17655,15576,17759,14623,972,16233,22380,12556,13737,19682,1054,16072,18557,12477,20969,13272,19353,30378,21085,29916,20488,19366,15159,9924,14124,13336,20311,2001,14303,3434,17244,18615],[0,9983,10331,17655,0,2079,419,20392,18607,22096,5524,5799,3935,2283,18673,18076,1529,5568,3414,6685,2905,13070,3829,12455,3185,2474,2797,7753,12602,13943,8283,15655,9588,15330,2702,2825],[0,7903,8282,15576,2079,0,2212,18952,16528,20708,7323,3972,1874,4227,16594,16906,3191,3639,5445,5258,4388,15062,5742,14484,5093,4152,1273,5679,11440,12638,8743,13576,8517,13276,2997,3921],[0,10086,10495,17759,419,2212,0,20180,18706,21870,5694,5741,4087,2429,18770,17810,1145,5552,3232,6508,3213,12858,3962,12271,2914,2739,3075,7884,12342,13709,7867,15758,9321,15371,2334,2406],[0,14910,16349,14623,20392,18952,20180,0,14659,1869,25864,15117,18071,22602,14598,3789,20174,15609,22312,13734,23228,28940,24106,29021,21490,22860,19574,16221,8105,6541,16604,14282,11050,11956,18169,19187],[0,8624,8547,972,18607,16528,18706,14659,0,16205,23351,13458,14694,20643,104,16323,19493,13395,21912,14114,20322,31297,22051,30845,21422,20332,16123,10884,14675,13801,21105,2955,15007,4068,18156,19529],[0,16778,18212,16233,22096,20708,21870,1869,16205,0,27539,16909,19875,24283,16139,4680,21818,17412,23902,15469,24951,30203,25774,30334,23070,24568,21363,18085,9649,8168,17898,16002,12649,13697,19810,20783],[0,14849,14821,22380,5524,7323,5694,25864,23351,27539,0,11262,8896,3266,23427,23396,5768,10962,4278,12200,3046,10698,1773,9749,5083,3171,7325,12545,17959,19371,11993,20411,14931,20414,7761,7012],[0,5170,6207,12556,5799,3972,5741,15117,13458,16909,11262,0,2991,8075,13509,13362,6263,602,8727,2008,8359,17856,9618,17447,8122,8102,4458,3670,8029,8999,8587,10586,5444,9834,4712,6088],[0,6075,6407,13737,3935,1874,4087,18071,14694,19875,8896,2991,0,5969,14761,16348,5038,2463,7319,4792,5865,16931,7429,16358,6957,5753,1617,3820,10982,11989,9830,11739,8262,11541,4438,5586],[0,12038,12226,19682,2283,4227,2429,22602,20643,24283,3266,8075,5969,0,20713,20178,2633,7821,2388,8936,1428,11617,1546,10876,2789,848,4537,9759,14725,16117,9405,17688,11698,17489,4560,4025],[0,8690,8627,1054,18673,16594,18770,14598,104,16139,23427,13509,14761,20713,0,16282,19553,13450,21974,14152,20397,31351,22123,30902,21481,20405,16195,10953,14669,13784,21134,3025,15022,4081,18209,19583],[0,14446,16007,16072,18076,16906,17810,3789,16323,4680,23396,13362,16348,20178,16282,0,17630,13922,19581,11668,20974,25541,21622,25692,18735,20544,17715,15257,5480,4383,13263,15274,8489,12937,15634,16494],[0,10903,11418,18557,1529,3191,1145,20174,19493,21818,5768,6263,5038,2633,19553,17630,0,6171,2464,6698,3791,11910,3995,11377,1937,3226,4181,8765,12207,13652,6967,16558,9182,16044,2007,1459],[0,4958,5873,12477,5568,3639,5552,15609,13395,17412,10962,602,2463,7821,13450,13922,6171,0,8631,2606,8014,17901,9355,17458,8070,7791,3991,3256,8612,9551,9000,10491,6047,9872,4772,6139],[0,13301,13727,20969,3414,5445,3232,22312,21912,23902,4278,8727,7319,2388,21974,19581,2464,8631,0,9070,3788,9659,2753,9044,854,3232,6190,11115,14254,15771,7716,18968,11263,18501,4277,3125],[0,6451,7733,13272,6685,5258,6508,13734,14114,15469,12200,2008,4792,8936,14152,11668,6698,2606,9070,0,9494,17578,10469,17291,8342,9138,6056,5433,6232,7379,7178,11380,3479,10235,4797,6077],[0,11803,11807,19353,2905,4388,3213,23228,20322,24951,3046,8359,5865,1428,20397,20974,3791,8014,3788,9494,0,12655,1905,11844,4217,598,4282,9500,15496,16813,10715,17378,12488,17369,5531,5244],[0,22774,23327,30378,13070,15062,12858,28940,31297,30203,10698,17856,16931,11617,31351,25541,11910,17901,9659,17578,12655,0,10796,1117,9977,12296,15849,20673,21041,22708,12336,28389,18509,27663,13145,11770],[0,13473,13579,21085,3829,5742,3962,24106,22051,25774,1773,9618,7429,1546,22123,21622,3995,9355,2753,10469,1905,10796,0,9962,3477,1728,5929,11180,16187,17605,10382,19098,13160,18969,5988,5261],[0,22278,22765,29916,12455,14484,12271,29021,30845,30334,9749,17447,16358,10876,30902,25692,11377,17458,9044,17291,11844,1117,9962,0,9440,11517,15207,20135,21047,22707,12435,27920,18425,27278,12739,11365],[0,12839,13350,20488,3185,5093,2914,21490,21422,23070,5083,8122,6957,2789,21481,18735,1937,8070,854,8342,4217,9977,3477,9440,0,3627,5977,10702,13421,14949,6918,18489,10439,17938,3548,2318],[0,11767,11852,19366,2474,4152,2739,22860,20332,24568,3171,8102,5753,848,20405,20544,3226,7791,3232,9138,598,12296,1728,11517,3627,0,4219,9470,15072,16416,10128,17381,12055,17291,5025,4671],[0,7548,7690,15159,2797,1273,3075,19574,16123,21363,7325,4458,1617,4537,16195,17715,4181,3991,6190,6056,4282,15849,5929,15207,5977,4219,0,5251,12288,13390,10016,13170,9447,13089,4262,5102],[0,2303,2694,9924,7753,5679,7884,16221,10884,18085,12545,3670,3820,9759,10953,15257,8765,3256,11115,5433,9500,20673,11180,20135,10702,9470,5251,0,10429,10936,12247,7929,8455,7913,7759,9067],[0,10164,11752,14124,12602,11440,12342,8105,14675,9649,17959,8029,10982,14725,14669,5480,12207,8612,14254,6232,15496,21041,16187,21047,13421,15072,12288,10429,0,1668,8766,12750,3027,10692,10202,11137],[0,10318,11905,13336,13943,12638,13709,6541,13801,8168,19371,8999,11989,16117,13784,4383,13652,9551,15771,7379,16813,22708,17605,22707,14949,16416,13390,10936,1668,0,10433,12140,4509,9947,11645,12647],[0,13598,14776,20311,8283,8743,7867,16604,21105,17898,11993,8587,9830,9405,21134,13263,6967,9000,7716,7178,10715,12336,10382,12435,6918,10128,10016,12247,8766,10433,0,18477,6567,17105,5805,5513],[0,5672,5640,2001,15655,13576,15758,14282,2955,16002,20411,10586,11739,17688,3025,15274,16558,10491,18968,11380,17378,28389,19098,27920,18489,17381,13170,7929,12750,12140,18477,0,12638,2353,15262,16631],[0,8806,10310,14303,9588,8517,9321,11050,15007,12649,14931,5444,8262,11698,15022,8489,9182,6047,11263,3479,12488,18509,13160,18425,10439,12055,9447,8455,3027,4509,6567,12638,0,10941,7176,8140],[0,5636,6235,3434,15330,13276,15371,11956,4068,13697,20414,9834,11541,17489,4081,12937,16044,9872,18501,10235,17369,27663,18969,27278,17938,17291,13089,7913,10692,9947,17105,2353,10941,0,14539,15913],[0,9706,10454,17244,2702,2997,2334,18169,18156,19810,7761,4712,4438,4560,18209,15634,2007,4772,4277,4797,5531,13145,5988,12739,3548,5025,4262,7759,10202,11645,5805,15262,7176,14539,0,1375],[0,11058,11760,18615,2825,3921,2406,19187,19529,20783,7012,6088,5586,4025,19583,16494,1459,6139,3125,6077,5244,11770,5261,11365,2318,4671,5102,9067,11137,12647,5513,16631,8140,15913,1375,0]],"demands":[0,1,1,1,1,1,1,1,1,1,1,1,1,1,1,1,1,1,1,1,1,1,1,1,1,1,1,1,1,1,1,1,1,1,1,1],"vehicle_capacities":[4,4,4,4,4,4,4,4,4,4,4,4,4,4,4,4,4,4,4,4,4,4,4,4,4,4,4,4,4,4,4,4,4,4,4,4],"num_vehicles":36,"depot":0,"max_distance":25000}'
    x = '{"Addresses": [["1", 4.62590959884873, -74.1130228491551], ["4678803", 4.57997, -74.15297], ["4638081", 4.581576697217158, -74.15906493880112], ["5471556", 4.590298711749554, -74.18072441247767], ["5065750", 4.591660200251444, -74.17022857755782], ["4647051", 4.507612, -74.149133], ["5276489", 4.5431831305735, -74.16170193841619], ["5014722", 4.555948733030126, -74.14759520117637], ["4761482", 4.495333, -74.117876], ["4846233", 4.496331400556496, -74.1149978605853], ["5295569", 4.497918199735538, -74.11099077595108], ["5292442", 4.5326014, -74.1143227], ["5481717", 4.5999972, -74.1986249], ["5480704", 4.60056, -74.18618], ["5471393", 4.612181365474768, -74.19775649133683], ["5483628", 4.530516753273083, -74.0917379910499], ["5471390", 4.542248329971397, -74.08156505419514], ["5479614", 4.5581396, -74.0980719], ["5480707", 4.733130156472638, -74.10060948144981], ["5380462", 4.736611680684025, -74.09928489632364], ["5479613", 4.753017423665741, -74.12276627543605], ["5065481", 4.652999405313519, -74.16302974524382], ["3676641", 4.653095645299573, -74.1630833910265], ["5242515", 4.653095645300082, -74.16306193371959], ["5318586", 4.5594419352789854, -74.11846752872377], ["5248933", 4.559988474596542, -74.08780350454182], ["5224494", 4.560848472138982, -74.09729533407072], ["5043650", 4.710826, -74.102339], ["5295587", 4.711203380940325, -74.14391622172073], ["4931574", 4.711956, -74.100739], ["5143023", 4.581673726206821, -74.19241985015891], ["5390704", 4.584087952574662, -74.210050815001], ["4486020", 4.585684770025394, -74.19741221838409], ["5483631", 4.5066219478042875, -74.10216762062508], ["5471391", 4.512146, -74.120936], ["5149642", 4.573936739650267, -74.24765275919442], ["4647690", 4.576566387999432, -74.22478491988579], ["5222632", 4.579314186719136, -74.19847926140328], ["5016045", 4.54929107970655, -74.09596602391555], ["5480465", 4.5502338, -74.0884589], ["5400642", 4.603606020290581, -74.13601337570579], ["3160495", 4.604950853199899, -74.15089422893185], ["5292428", 4.605204, -74.175261], ["5364382", 4.648342111543528, -74.16392897799854], ["5085888", 4.64851625365084, -74.16893800090978], ["5249001", 4.649235, -74.161105], ["5251351", 4.574254268041447, -74.17823888859841], ["3659179", 4.575865247159537, -74.16294523091443], ["5285110", 4.5765528, -74.157498], ["5442758", 4.57316, -74.24538], ["4383055", 4.595634875970261, -74.201676026142], ["2452231", 4.643215331245413, -74.12911989115858], ["3356767", 4.648309806640825, -74.13548076003764], ["5108893", 4.588075468219407, -74.16164742226552], ["4646376", 4.595947350114771, -74.1543116365643], ["3625193", 4.557766830517232, -74.0985950740351], ["5313594", 4.570040124929645, -74.07587530026535], ["5134634", 4.572926046152749, -74.09359611919153], ["5479617", 4.73185950974369, -74.03051851837742], ["664043", 4.746123, -74.031072], ["5285107", 4.595542436460433, -74.20697188500802], ["5236449", 4.6107738, -74.2225869], ["5058132", 4.587162852935132, -74.15992203174977], ["3070828", 4.593094342661984, -74.17349262338271], ["5292443", 4.530049887843877, -74.08852860454193], ["5292237", 4.567633726432951, -74.12128742173792], ["5119680", 4.573932085409543, -74.11943598761466], ["5295591", 4.594847, -74.130669], ["5141469", 4.617208861198189, -74.10794325322425], ["5276556", 4.624074898012612, -74.07990999104972], ["5292238", 4.685544712676482, -74.09993362740323], ["5438541", 4.7472765, -74.1098566], ["4810531", 4.6795, -74.14958], ["2224597", 4.681175, -74.136187], ["5065734", 4.685821, -74.14166], ["5284862", 4.675826505998297, -74.08618750488405], ["5363323", 4.675860152719122, -74.11311141360484], ["4647283", 4.698663252215639, -74.12821877592671], ["5364819", 4.62153761826865, -74.16533404111001], ["5433886", 4.6219273250362685, -74.14854255796266], ["5471397", 4.622712, -74.176391], ["5284107", 4.6123489894631975, -74.1648665689598], ["5085887", 4.617416750220413, -74.14980907951424], ["5292144", 4.740871185067654, -74.10602251988549], ["4678776", 4.743846563648577, -74.12375213555285], ["2474040", 4.745914010956564, -74.11136145765636], ["5013922", 4.746363450789473, -74.11397844108666], ["3865391", 4.743980908790853, -74.03226120174554], ["5380452", 4.753414682801655, -74.02780553036904], ["5313573", 4.759094315860468, -74.03701174894783], ["5482053", 4.5440813031688965, -74.10933163078192], ["5480708", 4.5907290700528, -74.0746079977979], ["5112715", 4.592818, -74.070854], ["5481714", 4.6037328, -74.1016691], ["5358801", 4.611686283325433, -74.17052397385363], ["5391639", 4.616110484662151, -74.17208328278056], ["5266607", 4.588439, -74.161943], ["5108844", 4.60413115488826, -74.21794770451879], ["5009813", 4.613442330184796, -74.21622788477684], ["5301811", 4.64855586624716, -74.0838236045417], ["5483629", 4.649695573280967, -74.07932666102325], ["5016557", 4.669592568701654, -74.07938480287072], ["5069369", 4.684273, -74.065604], ["5356001", 4.57572214180414, -74.10117122018582], ["5439888", 4.583782146087699, -74.15370672596954], ["5285318", 4.627809476931431, -74.20431820454172], ["3629164", 4.628652956135911, -74.18089078061213], ["4965799", 4.684137569361117, -74.1007611757055], ["5010063", 4.71358927740642, -74.13886823174975], ["5068162", 4.718966674764148, -74.13260661988541], ["5380459", 4.576285321252651, -74.19515568620515], ["5438590", 4.591934694581104, -74.20332387730804], ["5135869", 4.594028942755954, -74.20194663939488], ["5484161", 4.569776432178236, -74.13033180639385], ["3855624", 4.581804725366705, -74.13975394835329], ["5483688", 4.6186069773572935, -74.12097356221376], ["5481674", 4.5770987, -74.2136756], ["5471394", 4.579567368322392, -74.2202783625019], ["5065470", 4.579716, -74.239525], ["5481732", 4.5883717, -74.1924796], ["5135768", 4.578144193523836, -74.1383006447513], ["5440066", 4.57987214811502, -74.13594990459885], ["2218919", 4.582133710268349, -74.1394334918716], ["5481532", 4.546206, -74.137392], ["5481536", 4.571995794506042, -74.14738387525726], ["5480702", 4.5747509, -74.1614599], ["5133451", 4.6276722480469665, -74.2105025045417], ["3194170", 4.627837560264543, -74.17494864906152], ["5358819", 4.618073607356413, -74.16868404872174], ["5311828", 4.653684491062596, -74.16281434494047], ["4860514", 4.6539400320327635, -74.15762037504548], ["4964609", 4.626811042237642, -74.12874537604877], ["5482837", 4.629621889185428, -74.16486838122817], ["5479616", 4.650005, -74.174844], ["5065466", 4.680836329713472, -74.16563072496855], ["5291103", 4.681558872244798, -74.11468302388867], ["5216541", 4.682885962731343, -74.16525594906142], ["5482830", 4.612144, -74.224537], ["5471401", 4.6132341989462216, -74.21980716895975], ["5471400", 4.665564161058677, -74.15529988919758], ["5380453", 4.669510392696495, -74.15606737895645], ["3110097", 4.676219081430342, -74.15271757771812], ["3144735", 4.685682984988652, -74.1304636707547], ["5480711", 4.608275132145016, -74.19562263398946], ["5012320", 4.612210655313717, -74.20410261142783], ["5013897", 4.622023894080627, -74.1955516304118], ["3664638", 4.683063370961656, -74.11448941640845], ["4856197", 4.715683337565413, -74.13779056729534], ["5380456", 4.718485862970717, -74.12340591570776], ["5121448", 4.644517, -74.162885], ["4805716", 4.646280157632388, -74.15566630360095], ["5482705", 4.646412677416967, -74.1556535487454], ["5217982", 4.6485897491463835, -74.16905640371084], ["5482743", 4.6071844, -74.1489055], ["5471395", 4.608810499706496, -74.13353232980727], ["5482702", 4.61015612058506, -74.16386548649466], ["3478927", 4.7006981660873945, -74.08670487218167], ["5479615", 4.701855881670985, -74.1313644748475], ["5480713", 4.706787741062999, -74.09515067570553], ["5068359", 4.566034, -74.190281], ["5284003", 4.570270158123369, -74.21765405116177], ["5481708", 4.572178591255352, -74.23581683030532], ["5013915", 4.586441697346225, -74.10536470101796], ["4899975", 4.593453388062667, -74.1363403508911], ["5395916", 4.59383627155811, -74.13967934531951], ["5065473", 4.723136080058487, -74.09689647011047], ["5013914", 4.724122435442579, -74.08427453187113], ["5013954", 4.736505342104388, -74.10917008086392], ["5471389", 4.626230209720682, -74.0777177197051], ["5482829", 4.639634, -74.07683], ["5364385", 4.598009374235472, -74.16431712692777], ["5275203", 4.6011485, -74.1991013], ["4817978", 4.60123, -74.19915], ["5481528", 4.622784777164525, -74.1930858693018], ["4593276", 4.635549, -74.188514], ["5295598", 4.638393994535084, -74.20430510917782], ["5013893", 4.638657, -74.201648], ["3661057", 4.53341925062783, -74.08285915509906], ["5285105", 4.544461890107174, -74.08679925730307], ["5109564", 4.545234171762045, -74.11755278587627], ["3688397", 4.495406432954955, -74.11318809139091], ["5155775", 4.50680266738916, -74.09890610260275], ["5363695", 4.5125570821218535, -74.11521898660529], ["5480706", 4.61245, -74.18732], ["5480700", 4.630337204865441, -74.18643051755647], ["5483528", 4.639846366424621, -74.19350350431853], ["5437228", 4.580733772682662, -74.19430483058736], ["4610357", 4.583781948532163, -74.20297711774053], ["4567564", 4.5839182815922825, -74.22761381726912], ["5285101", 4.6531501, -74.1319314], ["5400610", 4.65620833107196, -74.13093279104962], ["5216576", 4.67046, -74.15073], ["1969411", 4.730498441076647, -74.06569930268948], ["5284000", 4.743901336908565, -74.09308396179709], ["5292227", 4.755662633259105, -74.08948589104949], ["5292006", 4.680690749486725, -74.08922097604858], ["5008124", 4.6894628740577335, -74.09087213391446], ["5038584", 4.689878, -74.108263], ["5295358", 4.691802932939524, -74.08820129813721], ["5284876", 4.699283143488373, -74.11773263283118], ["5112725", 4.700318, -74.13036], ["3924247", 4.655681831506518, -74.15488976576812], ["3428624", 4.656222544204114, -74.1591882200258], ["5238420", 4.6564961, -74.1554324], ["3808842", 4.495416837130173, -74.11792108646704], ["5254062", 4.5139166775072175, -74.11877608930621], ["5442754", 4.518758903416722, -74.11822150700277], ["5364315", 4.613775561767439, -74.20173436266177], ["5371459", 4.619685953224992, -74.20127238623229], ["5285094", 4.6224775, -74.183576], ["5363161", 4.59947875633905, -74.20165279758933], ["3009641", 4.602105, -74.222225], ["5085912", 4.603166697304001, -74.21449017806547], ["5483632", 4.672190040080521, -74.13812873435316], ["5480709", 4.673376595313623, -74.15037577443577], ["3333482", 4.686427803881246, -74.14087904686956], ["5365231", 4.696363837463529, -74.1652858656924], ["5283605", 4.731493274100888, -74.09944192664774], ["5319897", 4.756836954886919, -74.07853482679688], ["5482706", 4.6696966286168555, -74.11469458598701], ["5209186", 4.71229083928072, -74.10205743335457], ["5482832", 4.7295709, -74.1138454], ["5363296", 4.589281337724897, -74.21696002676306], ["5251350", 4.5920355697596555, -74.19704005082816], ["5032024", 4.592565446525435, -74.22694978016601]], "distance_matrix": [[0, 13425.7, 13183, 14846.2, 13067.5, 19641.3, 17560.8, 12964.5, 20320.6, 20414.5, 20479.4, 16030.1, 15642.8, 14116.1, 16083.8, 14628.4, 13959.9, 11129.4, 19711.6, 19448.5, 21649.4, 10681.5, 10742.6, 10744.5, 12081.2, 11382.3, 10353, 15462.3, 15488, 15338.8, 17379.6, 16536.8, 16377.4, 20529.1, 19274.7, 21513.8, 19338.2, 17616.2, 12096.8, 12270.2, 5395.7, 10737.9, 15323.6, 9958, 10671.2, 10463.2, 15879.4, 14414.6, 13612.5, 21561.5, 15985, 6854.6, 6939.2, 11971.5, 10879.9, 10744.1, 9058.9, 9143.7, 18628.7, 20059.5, 16814.5, 19740.4, 12108.5, 15222.9, 14887, 9829.4, 9143.9, 7480.7, 2238.2, 3825.8, 12039.5, 21919.2, 9454.1, 10851.4, 11453.6, 8997.5, 8889.9, 12553.6, 9410.8, 8264.2, 11386, 10632.1, 10112.9, 20339.6, 19970.7, 21372.4, 20979.2, 21268.1, 23564.1, 21155.4, 13445.9, 7200.6, 7545.7, 3936.5, 11409.4, 11424.4, 11872.3, 19363.3, 18660.1, 5188.9, 5887.9, 8534.2, 12643.1, 9179.5, 12136.6, 14802.7, 13030.3, 12263.5, 14829.2, 18359.9, 17665.2, 15863.5, 15797.1, 10603.6, 9350.4, 2367.2, 17835.7, 18025.2, 20162.8, 17327.1, 9605.8, 9233.5, 9291.2, 13496.3, 14558.3, 14941.8, 15687.9, 11052.1, 10016.8, 10619.4, 10317, 3922.9, 9050.3, 11815.1, 12382, 9496.1, 12065.7, 20850.1, 19236.3, 10687.6, 10254.8, 10227, 10831.9, 15575.4, 16551.4, 16778.3, 9770.6, 14830, 17514.7, 9991.2, 9273.8, 9249.7, 10675.7, 9682.2, 4777.1, 13048.1, 15027.3, 12822.5, 14473.8, 19212.1, 19949.8, 21540.8, 6255.5, 9057.8, 6496.7, 17212, 17557.2, 20434.6, 4973.6, 6273.7, 11354.5, 15848.9, 15844.8, 16354.4, 13021.8, 16060.4, 14981.2, 14794.7, 12951.8, 14495.4, 20561.9, 20951.6, 19405.4, 14779.6, 13239.9, 13907.6, 16965.9, 16821.8, 18762.3, 7984.2, 6140.1, 8927.1, 18059.3, 19858.9, 21522.4, 10849.7, 11663.6, 10786.7, 12593.1, 12478.2, 12567.5, 9396.3, 10481.6, 10692.1, 20310.9, 19375.6, 18028.6, 16839.2, 17497.8, 15976.7, 16023.4, 19332.1, 18444.3, 8567.7, 9287.2, 11365.4, 12584.7, 18401.3, 21081.9, 8692.6, 15808.5, 18691.8, 18649.3, 15016.9, 19799.3], [0, 0, 3377.7, 4469.7, 3262.2, 11229.4, 9148.9, 4552.5, 11908.7, 12002.6, 12067.5, 11624.7, 7523, 5996.3, 7964, 12707.5, 12578.8, 10935.3, 26007.5, 25744.3, 27945.2, 11010.8, 11071.9, 11073.8, 6839.1, 12061.8, 9794.4, 21758.1, 22321.5, 21634.6, 9259.7, 8417, 8257.6, 12117.1, 10862.8, 13393.9, 11218.4, 9496.4, 10166.2, 11185.3, 6371.7, 5119.4, 7203.8, 10287.3, 9940.4, 10792.5, 5065.6, 2685.8, 1039, 13441.7, 7865.2, 11710.3, 11839.6, 2171.7, 3345.4, 10718.7, 13977.8, 9658.9, 27618.1, 29049, 8694.7, 11620.5, 2354.2, 3775.2, 16694.4, 5485.3, 5984.6, 5401.1, 10299, 11347, 18335.3, 28215, 15783.2, 17488.1, 16877.7, 15293.3, 15944.4, 19387, 6030.2, 6945.1, 8523.6, 5010.2, 6207.6, 26635.4, 26266.5, 27668.2, 27275, 28866.1, 31162.2, 28753.4, 8507, 12119.5, 12464.6, 8030.2, 5996.4, 6320.7, 2109.2, 11243.5, 10540.2, 14728, 16490.6, 16906.5, 18938.9, 8701.3, 2025.4, 9833.6, 8167, 18559.3, 21662.6, 24655.7, 9545.4, 7743.7, 7677.2, 4156.4, 1920.7, 8435, 9715.8, 9905.4, 12043, 9207.3, 2284.8, 3094.2, 2360.6, 5098.8, 1176.5, 2455.2, 10718.8, 7132.6, 6097.2, 10948.7, 10646.3, 8685.9, 7285.6, 9757.1, 18711.2, 16714.2, 18394.8, 12730.3, 11116.5, 17016.8, 16584, 16556.2, 17468.6, 7543.8, 8431.5, 8658.4, 16988.7, 21663.5, 23810.6, 9645.7, 9603.1, 9579, 9944.8, 5937, 6868.5, 4844.5, 21323.1, 19656, 20769.6, 6284, 11830, 13421, 7745.7, 3745.3, 4595.8, 23507.8, 23853, 26730.4, 11952.5, 13252.6, 3213.7, 7729.1, 7725, 8234.5, 9401.6, 11091.2, 10012, 17445.6, 11344.4, 8623.2, 12149.9, 12539.7, 10993.4, 6659.8, 9024.6, 10287.4, 8846.1, 8701.9, 10642.5, 12884.6, 12469.3, 15256.2, 24355.1, 26154.7, 27818.2, 17145.5, 17959.4, 17620.1, 18888.9, 19311.7, 19400.9, 10832.1, 10810.9, 11021.4, 11899, 10963.6, 9616.6, 8719.4, 9377.9, 7856.9, 7903.5, 11212.3, 10324.5, 14896.9, 15616.3, 18002.1, 18913.9, 24697.1, 27377.7, 15021.3, 22104.3, 24987.6, 10529.4, 6897.1, 11679.5], [0, 1119.5, 0, 4785.8, 3578.3, 11496.6, 9416.1, 4819.8, 12175.9, 12269.8, 12334.7, 11891.9, 7839.1, 6312.4, 8280.1, 12974.8, 12846, 11202.5, 26323.6, 26060.4, 28261.3, 11326.9, 11388, 11389.9, 7106.3, 12329, 10061.7, 22074.2, 22637.6, 21950.7, 6759.7, 8733.1, 8573.7, 12384.4, 11130, 13710, 11534.5, 9812.5, 10433.4, 11452.5, 6687.8, 5435.5, 7519.9, 10603.4, 10256.5, 11108.6, 5124.7, 2718.2, 1306.2, 13757.8, 8181.3, 12026.4, 12155.7, 2487.8, 3661.5, 10985.9, 12413.4, 10058.8, 27934.2, 29365.1, 9010.8, 11936.6, 2670.3, 4091.3, 16961.7, 5752.5, 6251.8, 6745.9, 12093.5, 13681.1, 18651.4, 28531.1, 16099.3, 17804.3, 17193.8, 15609.4, 16260.5, 19703.1, 6346.3, 7261.3, 8839.7, 5326.3, 6523.7, 26951.5, 26582.7, 27984.4, 27591.1, 29182.3, 31478.3, 29069.6, 8774.2, 13464.3, 13809.4, 9375.1, 6312.5, 6636.8, 2425.3, 11559.6, 10856.4, 15044.2, 16806.7, 17222.6, 19255.1, 9175.8, 2341.5, 10149.7, 8483.1, 18875.4, 21978.7, 24971.8, 9861.5, 8059.8, 7993.3, 4423.6, 2682.8, 8736.7, 10032, 10221.5, 12359.1, 9523.4, 3046.9, 3435.7, 2702, 5351.6, 2252.1, 2635.5, 11034.9, 7448.7, 6413.3, 11264.8, 10962.4, 9002, 7601.7, 10073.2, 19027.3, 17030.3, 18710.9, 13046.4, 11432.6, 17332.9, 16900.1, 16872.3, 17784.7, 7859.9, 8747.7, 8974.5, 17304.8, 21979.6, 24126.7, 9961.8, 9919.2, 9895.1, 10260.9, 6253.1, 7184.6, 5160.6, 21639.2, 19972.1, 21085.7, 6343.2, 12146.1, 13737.1, 9090.5, 5242.5, 4911.9, 23823.9, 24169.1, 27046.5, 13297.4, 14597.5, 3529.8, 8045.2, 8041.1, 8550.7, 9717.8, 11407.3, 10328.2, 17712.8, 11611.6, 8890.4, 12417.1, 12806.9, 11260.6, 6975.9, 9340.7, 10603.5, 9162.2, 9018, 10958.6, 13200.7, 12785.4, 15572.4, 24671.2, 26470.8, 28134.3, 17461.6, 18275.5, 17936.2, 19205, 19627.8, 19717.1, 11148.2, 11127, 11337.5, 12166.2, 11230.9, 9883.9, 9035.5, 9694, 8173, 8219.6, 11528.4, 10640.6, 15213, 15932.5, 18318.2, 19230, 25013.3, 27693.8, 15337.4, 22420.5, 25303.7, 10845.5, 7213.2, 11995.6], [0, 5177.9, 4935.2, 0, 2639.9, 15555, 13474.5, 8878.2, 16234.3, 16328.2, 16393.1, 15950.4, 5291.7, 3765, 6256.2, 17033.2, 16904.5, 14419.6, 27217.4, 26954.3, 29155.2, 10399.1, 10460.3, 10462.2, 11164.7, 14672.6, 13643.2, 22968, 20500.8, 22844.5, 2155.3, 6185.8, 3105.2, 16442.8, 15188.4, 11162.7, 8987.1, 3128.3, 14491.9, 15510.9, 6709.3, 5457, 3915.7, 9675.7, 9235.7, 10180.9, 4263.6, 3692.9, 5364.6, 11210.4, 5633.9, 12047.9, 12177.2, 3723.7, 3683, 14034.3, 16216.5, 11897.6, 28828, 30258.9, 6463.4, 9389.3, 3860.7, 2239.4, 21020.1, 9810.9, 9760.8, 7639.7, 12987.3, 14574.9, 19545.2, 29424.9, 16120.9, 15667.5, 16269.6, 16503.2, 17154.3, 17566.4, 6381.4, 7296.4, 5423.8, 5361.4, 6558.8, 27845.3, 27476.5, 28983.2, 28484.9, 30076.1, 32372.1, 29963.4, 12832.6, 14358.2, 14703.2, 10268.9, 4059.9, 3782.3, 3624.4, 9012.2, 7815, 15938, 17653.3, 18116.4, 20148.9, 11410.1, 4939.7, 6545.5, 5570.1, 19769.2, 19841.9, 25865.6, 3177.2, 5512.4, 5446, 8482, 6738.5, 9630.5, 4982, 7674.1, 9811.7, 2230.4, 7105.3, 7269.2, 6757.7, 9410, 6310.5, 3806.5, 7430.6, 6016, 4281.2, 10337.1, 10034.6, 9895.8, 6674, 9019.5, 19048.8, 14893.5, 18732.5, 10499, 8314.3, 17354.4, 16921.7, 16893.9, 15647.9, 4706.1, 6098.9, 5370.3, 15168, 19842.8, 25020.5, 8941, 8991.5, 9675.1, 9240.2, 6288.2, 8078.4, 5195.7, 22533, 17835.3, 21979.5, 4724.1, 9598.7, 11189.7, 9984.3, 6136.3, 5805.7, 24717.7, 25062.9, 27940.3, 14191.2, 15491.3, 3854.9, 5497.9, 5493.7, 4946.4, 6910.4, 7803.1, 6723.9, 21771.2, 15670.1, 12948.8, 16475.6, 16865.3, 15319, 3686.1, 5736.4, 7388.9, 2478, 4197.5, 8411.3, 13222.2, 12807, 15593.9, 25565, 27364.7, 29028.1, 18355.4, 19169.3, 15799.4, 20098.8, 17491, 17533.1, 10220.5, 10199.3, 10409.8, 16224.6, 15289.3, 13942.3, 6386.7, 5797.5, 4568.7, 5672.3, 8981.1, 8093.2, 15234.5, 15954, 16181.4, 19251.6, 25907.1, 28587.6, 16231.2, 23314.3, 26197.5, 8298.2, 4665.8, 9448.2], [0, 4167.6, 3925, 1516.6, 0, 13579.3, 12464.3, 7867.9, 15224.1, 15318, 15382.9, 14940.1, 5718.9, 4939.2, 6683.3, 15057.5, 15894.2, 13409.4, 26207.1, 25545.9, 27746.8, 10351.8, 10014.8, 10016.7, 9189, 13662.3, 12633, 21957.8, 21648.9, 21436.2, 3227.9, 7359.9, 4177.8, 14467.1, 14178.2, 11589.8, 10161.3, 4200.9, 12516.2, 14500.7, 5699.1, 4446.8, 4342.8, 9230.2, 8883.2, 9735.4, 4002, 2614.9, 3388.9, 11637.6, 6808, 10639.6, 11167, 1526.2, 2672.8, 13024.1, 15206.2, 10887.3, 27817.8, 29248.7, 6890.6, 10563.4, 1953.3, 513, 19044.4, 8800.7, 8750.6, 6629.5, 11977.1, 13564.7, 18535, 28414.7, 14712.6, 16417.5, 15807, 15094.9, 16144, 18714.4, 4973.1, 6286.1, 5851, 3953.1, 5548.6, 26835.1, 26068.1, 27972.9, 27076.6, 29065.8, 31361.8, 28953.1, 11822.4, 13347.9, 13693, 9258.7, 4487.1, 4209.5, 1648.7, 9439.4, 8242.2, 14529.6, 16292.1, 17106.2, 19138.6, 10399.8, 3929.5, 6972.6, 5997.3, 18360.9, 20990, 24457.3, 4249.9, 6686.6, 6620.1, 6506.3, 5728.3, 8620.3, 7911.8, 8848.3, 10985.9, 3303, 5129.6, 6259, 5747.5, 8399.8, 5300.3, 2893.4, 7857.8, 6075.5, 5040.1, 10289.7, 9589.2, 8487.5, 6626.6, 9098, 18038.6, 15643.5, 17722.3, 11673.2, 8741.5, 15946.1, 15513.3, 15485.6, 16397.9, 5133.3, 6526, 5797.4, 15918, 20990.9, 23612.1, 8986.6, 8546, 9229.6, 8887.7, 4879.9, 7068.1, 4185.5, 21522.7, 18983.4, 20571.1, 5796.7, 10772.9, 12363.9, 8576, 5126, 4795.5, 23707.5, 23654.6, 26532, 12782.9, 14481, 2554.7, 5925, 6667.9, 5373.6, 7337.6, 8230.2, 7151.1, 19795.5, 14659.8, 11938.6, 15465.3, 15855.1, 14308.8, 4113.3, 6163.6, 7816, 3550.6, 7644.8, 9585.4, 11813.9, 11796.7, 14583.7, 24156.7, 26354.4, 27619.8, 16947.1, 18159.1, 16947.5, 18690.5, 18639.1, 18330.3, 9775, 9753.8, 9964.3, 14248.9, 14279.1, 12932, 6813.9, 6516.9, 4995.9, 6846.4, 10155.2, 9267.3, 13826.2, 14545.7, 16931.4, 17843.2, 24498.7, 27179.3, 15221, 22304, 25187.3, 8725.4, 5840, 10622.3], [0, 11748.7, 14267.5, 15359.6, 14152, 0, 7000.2, 6945.1, 11492.1, 11586, 11650.9, 11208.1, 18412.8, 16886.1, 18853.8, 16104.8, 17905.6, 14474.3, 33960.9, 33697.8, 35898.7, 21900.6, 21961.7, 21963.7, 10506.8, 15729.5, 14238.5, 29711.6, 29619.7, 29588.1, 14554.1, 19306.9, 19147.5, 11700.5, 10446.2, 24283.8, 22108.2, 20386.3, 13833.9, 14853, 15406.3, 16009.2, 18093.7, 21177.2, 20830.2, 21682.4, 11977.4, 10380.7, 11537.8, 24331.5, 18755, 19008.5, 19137.8, 13061.6, 14235.2, 14386.4, 16547.7, 14377.5, 33745.4, 35176.3, 19584.5, 22510.4, 13244, 14665, 16277.8, 10964.6, 11463.9, 13292.1, 16168.8, 19484.8, 26288.8, 36168.5, 23081.5, 24786.4, 24175.9, 23246.7, 23897.8, 26685.3, 16920, 17835, 19413.4, 15900, 17097.4, 34588.9, 34220, 35621.7, 35228.4, 36819.6, 39115.6, 36706.9, 13538.3, 18264.7, 18609.8, 16168.1, 16886.3, 17210.6, 12999, 22133.3, 21430.1, 22958, 23169.4, 24860, 26892.4, 14180.7, 12915.2, 20723.5, 19056.8, 26512.7, 28960.9, 32609.2, 20435.2, 18633.5, 18567.1, 9635.7, 10484.3, 16374, 20605.7, 20795.2, 22932.8, 20097.2, 10010.4, 10399.1, 10503.5, 5363.6, 10293.4, 10276.6, 21608.7, 18022.4, 16987.1, 21838.6, 21536.1, 16639.4, 18175.4, 20646.9, 26009.4, 24012.4, 25693.1, 23620.1, 22006.3, 24315, 23882.3, 23854.5, 24766.9, 18433.7, 19321.4, 19548.3, 24286.9, 28961.7, 31764, 20535.5, 20493, 20468.9, 20834.7, 16826.8, 14821.9, 15734.4, 29276.5, 26954.2, 28723, 14105.4, 22719.8, 24310.8, 13943, 12308.9, 12129, 31461.3, 31806.4, 34683.9, 20090.4, 21390.4, 14103.6, 18619, 18614.8, 19124.4, 20291.5, 21981.1, 20901.9, 17029, 15012.1, 13887.4, 11733.3, 12123.1, 10576.8, 17549.6, 19914.5, 21177.3, 19736, 19591.8, 21532.4, 20182.8, 19767.6, 22554.5, 32308.6, 34108.2, 35771.6, 25098.9, 25912.9, 24918.4, 26842.3, 26609.9, 26699.2, 21722, 21700.8, 21911.3, 11482.4, 10547.1, 9200, 19609.3, 20267.8, 18746.7, 18793.4, 22102.2, 21214.3, 22195.1, 22914.6, 25300.3, 26212.2, 32650.6, 35331.1, 22974.7, 30057.8, 32941, 21419.3, 17786.9, 22569.3], [0, 6476.4, 8995.2, 10087.2, 8879.7, 7177.7, 0, 4053.5, 11917.1, 12011, 12075.9, 11633.1, 13140.5, 11613.8, 13581.5, 16529.8, 14389.9, 13119.2, 31625, 31361.9, 33562.8, 16628.3, 16689.4, 16691.4, 9023, 14245.7, 12754.7, 27375.7, 27939, 27252.2, 10258.1, 14034.5, 13875.1, 12125.5, 10871.2, 19011.5, 16835.9, 11231, 12350.1, 13369.2, 11989.2, 10736.9, 12821.4, 15904.9, 15557.9, 16410, 7681.4, 6722.3, 6903.2, 19059.2, 13482.7, 17327.8, 17457.1, 7789.3, 8962.9, 12902.6, 15063.8, 12893.7, 33235.7, 34666.5, 14312.2, 17238.1, 7971.7, 9392.7, 16702.8, 9480.8, 9980.1, 11808.3, 14685, 18001, 23952.9, 33832.6, 21400.8, 23105.7, 22495.2, 20910.8, 21561.9, 25004.6, 11647.7, 12562.7, 14141.1, 10627.7, 11825.1, 32253, 31884.1, 33285.8, 32892.6, 34483.7, 36779.7, 34371, 10690.9, 16780.9, 17126, 14684.2, 11614, 11938.2, 7726.7, 16861, 16157.8, 20345.6, 22108.1, 22524.1, 24556.5, 12696.8, 7642.9, 15451.2, 13784.5, 24176.9, 27280.1, 30273.3, 11280, 13998.9, 13294.8, 8151.9, 9000.5, 14038.1, 15333.4, 15522.9, 17660.5, 10741.4, 8526.6, 8915.3, 9019.7, 5210.4, 5021.1, 5980.6, 16974, 12750.1, 11714.8, 16566.3, 16263.8, 14303.5, 12903.1, 15374.6, 24328.7, 22331.7, 24012.4, 18347.8, 16734, 22634.3, 22201.5, 22173.8, 23086.1, 13161.4, 14049.1, 14276, 22606.2, 27281, 29428.1, 15263.2, 15220.7, 15196.5, 15562.4, 11554.5, 12486, 10462.1, 26940.6, 25273.5, 26387.1, 9809.4, 18085.2, 19038.5, 12459.2, 10825.1, 10213.3, 29125.4, 29470.6, 32348, 18606.6, 19906.6, 8831.2, 13346.6, 13342.5, 13852.1, 15019.2, 16708.8, 15629.6, 17454, 13528.3, 10711.7, 12158.3, 12548.1, 11001.8, 12277.3, 14642.1, 15905, 10580.7, 14319.5, 16260.1, 18502.1, 18086.8, 20873.8, 29972.7, 31772.3, 33435.7, 22763, 23577, 23237.6, 24506.4, 24929.2, 25018.5, 16449.7, 16428.5, 16639, 11907.4, 10972.1, 9625, 14336.9, 14995.5, 13474.4, 13521.1, 16829.9, 15942, 20514.4, 21233.9, 23619.6, 24531.4, 30314.7, 32995.2, 20638.8, 27721.9, 30605.1, 16147, 12514.6, 17297], [0, 4352.4, 6871.2, 7963.3, 6755.7, 6964.3, 4072.7, 0, 9502.9, 9596.9, 9661.8, 9219, 11016.5, 9489.9, 11457.6, 14065.6, 11288.4, 9594.8, 29501, 29237.9, 31438.8, 14504.3, 14565.4, 14567.4, 5498.6, 10721.3, 9230.3, 25251.7, 25815, 25128.2, 8314.9, 11910.6, 11751.2, 9661.4, 8457.1, 16887.5, 14711.9, 12990, 8825.7, 9844.8, 9865.2, 8612.9, 10697.4, 13780.9, 13433.9, 14286.1, 5738.2, 4141.6, 4171.7, 16935.2, 11358.7, 15203.8, 15333.1, 5665.3, 6838.9, 9378.2, 11660.3, 9369.3, 31111.7, 32542.5, 12188.3, 15114.1, 5847.8, 7268.7, 14238.7, 4999.4, 5498.7, 7326.9, 10203.5, 13519.6, 21828.9, 31708.6, 19276.8, 20981.7, 20371.2, 18786.8, 19437.9, 22880.6, 9523.7, 10438.7, 12017.1, 8503.8, 9701.2, 30129, 29760.1, 31161.8, 30768.6, 32359.7, 34655.7, 32247, 7166.5, 13256.5, 13601.6, 10202.8, 9490, 9814.3, 5602.7, 14737, 14033.8, 18221.6, 19984.1, 20400.1, 22432.5, 8215.4, 5519, 13327.2, 11660.5, 22052.9, 25156.2, 28149.3, 13038.9, 11237.2, 11170.8, 3670.5, 4745.8, 11914.2, 13209.4, 13398.9, 15536.5, 8798.3, 4271.9, 4660.7, 4765.1, 2746.2, 2897.1, 4037.4, 14242.5, 10626.2, 9590.8, 14442.3, 14139.8, 12179.5, 10779.2, 13250.6, 22204.7, 20207.7, 21888.4, 16223.8, 14610, 20510.3, 20077.6, 20049.8, 20962.2, 11037.4, 11925.1, 12152, 20482.2, 25157, 27304.1, 13139.2, 13096.7, 13072.6, 13438.4, 9430.6, 10362, 8338.1, 24816.6, 23149.6, 24263.1, 7866.2, 15353.7, 16914.5, 7977.8, 8419.9, 8089.4, 27001.4, 27346.6, 30224, 14125.1, 15425.2, 6707.3, 11222.7, 11218.5, 11728.1, 12895.2, 14584.8, 13505.6, 14989.9, 10054, 7187.3, 9744.2, 10134, 8587.7, 10153.3, 12518.2, 13781, 12339.7, 12195.5, 14136.1, 16378.1, 15962.9, 18749.8, 27848.7, 29648.3, 31311.8, 20639.1, 21453, 21113.7, 22382.5, 22805.2, 22894.5, 14325.7, 14304.5, 14515, 9443.2, 8557.9, 7210.9, 12213, 12871.5, 11350.4, 11397.1, 14705.9, 13818, 18390.4, 19109.9, 21495.6, 22407.5, 28190.7, 30871.2, 18514.9, 25597.9, 28481.2, 14023, 10390.6, 15173], [0, 12584.8, 15103.6, 16195.6, 14988.1, 12441.8, 11876.5, 9786.5, 0, 760.9, 1512, 5092.6, 19248.9, 17722.2, 19689.9, 7775, 9575.9, 10324, 34797, 34533.9, 36734.8, 22736.7, 22797.8, 22799.8, 11342.9, 11579.1, 11064.4, 30547.7, 30455.8, 30424.2, 20985.7, 20143, 19983.5, 3370.8, 2688.2, 25119.9, 22944.3, 21222.4, 9683.6, 10702.6, 16242.4, 16845.3, 18929.8, 22013.3, 21666.3, 22518.4, 15274.7, 13678, 12373.9, 25167.6, 19591.1, 19844.6, 19973.9, 13897.7, 15071.3, 10236, 14058.2, 12448.4, 34581.5, 36012.4, 20420.6, 23346.5, 14080.1, 15501.1, 7948.1, 11800.7, 12300, 14128.2, 17004.9, 20320.9, 27124.8, 37004.6, 23917.6, 25622.5, 25012, 24082.8, 24733.9, 27521.4, 17756.1, 18671.1, 20249.5, 16736.1, 17933.5, 35424.9, 35056.1, 36457.8, 36064.5, 37655.7, 39951.7, 37543, 7610.9, 16861.3, 17206.4, 17004.2, 17722.4, 18046.7, 13835.1, 22969.4, 22266.2, 23794.1, 23817.4, 25696, 27728.5, 15016.8, 13751.3, 21559.6, 19892.9, 27348.8, 29796.9, 33445.3, 21271.3, 19469.6, 19403.2, 10471.8, 11320.4, 17210.1, 21441.8, 21631.3, 23768.9, 20933.2, 10846.5, 11235.2, 11339.6, 7957.1, 11129.5, 13573.9, 22444.8, 18858.5, 17823.2, 22674.7, 22372.2, 17475.4, 19011.5, 21483, 26845.5, 24848.5, 26529.2, 24456.2, 22842.4, 25151.1, 24718.3, 24690.6, 25602.9, 19269.8, 20157.5, 20384.4, 25123, 29797.8, 32600.1, 21371.6, 21329.1, 21304.9, 21670.8, 17662.9, 15658, 16570.5, 30112.6, 27790.3, 29559.1, 17402.7, 23555.9, 25146.9, 14779.1, 13145, 12965, 32297.4, 32642.5, 35520, 20926.5, 22226.5, 14939.6, 19455.1, 19450.9, 19960.5, 21127.6, 22817.2, 21738, 8699.2, 9514.1, 7959.9, 908.2, 3605.2, 2247, 18385.7, 20750.6, 22013.4, 20572.1, 20427.9, 22368.5, 21018.9, 20603.6, 23390.6, 33144.6, 34944.3, 36607.7, 25935, 26749, 25754.4, 27678.4, 27446, 27347.2, 22558.1, 22536.9, 22747.4, 9.7, 2601, 3215.8, 20445.3, 21103.9, 19582.8, 19629.5, 22938.3, 22050.4, 23031.2, 23750.7, 26136.4, 27048.2, 33486.7, 36167.2, 23810.8, 30893.9, 33777.1, 22255.4, 18623, 23405.4], [0, 12632.4, 15151.2, 16243.3, 15035.7, 12489.4, 11924.1, 9834.1, 585.5, 0, 650.1, 5328.2, 19296.5, 17769.9, 19737.5, 7822.6, 9623.5, 10371.6, 34844.6, 34581.5, 36782.4, 22784.3, 22845.4, 22847.4, 11390.5, 11626.7, 11112, 30595.3, 30503.5, 30471.8, 21033.3, 20190.6, 20031.2, 3418.4, 2735.8, 25167.5, 22991.9, 21270, 9731.2, 10750.3, 16290, 16892.9, 18977.4, 22060.9, 21713.9, 22566.1, 15322.3, 13725.6, 12421.5, 25215.2, 19638.7, 19892.2, 20021.5, 13945.3, 15118.9, 10283.6, 14105.8, 12496, 34629.1, 36060, 20468.3, 23394.1, 14127.7, 15548.7, 7995.7, 11848.3, 12347.6, 14175.8, 17052.5, 20368.5, 27172.5, 37052.2, 23965.2, 25670.1, 25059.6, 24130.4, 24781.5, 27569, 17803.7, 18718.7, 20297.1, 16783.8, 17981.2, 35472.6, 35103.7, 36505.4, 36112.2, 37703.3, 39999.3, 37590.6, 7658.5, 16909, 17254.1, 17051.8, 17770, 18094.3, 13882.7, 23017, 22313.8, 23841.7, 23901.2, 25743.7, 27776.1, 15064.4, 13799, 21607.2, 19940.5, 27396.5, 29844.6, 33492.9, 21318.9, 19517.2, 19450.8, 10519.4, 11368, 17257.7, 21489.4, 21678.9, 23816.5, 20980.9, 10894.1, 11282.8, 11387.2, 8004.7, 11177.1, 13621.5, 22492.4, 18906.2, 17870.8, 22722.3, 22419.8, 17523.1, 19059.2, 21530.6, 26893.1, 24896.1, 26576.8, 24503.8, 22890, 25198.7, 24766, 24738.2, 25650.6, 19317.4, 20205.1, 20432, 25170.6, 29845.4, 32647.7, 21419.2, 21376.7, 21352.6, 21718.4, 17710.5, 15705.6, 16618.1, 30160.2, 27838, 29606.7, 17450.3, 23603.5, 25194.5, 14826.8, 13192.6, 13012.7, 32345, 32690.2, 35567.6, 20974.1, 22274.1, 14987.3, 19502.7, 19498.5, 20008.1, 21175.2, 22864.8, 21785.6, 8746.9, 9561.7, 8007.5, 360.8, 3840.9, 2294.7, 18433.3, 20798.2, 22061, 20619.7, 20475.5, 22416.1, 21066.5, 20651.3, 23438.2, 33192.3, 34991.9, 36655.3, 25982.6, 26796.6, 25802.1, 27726, 27493.6, 27431, 22605.7, 22584.5, 22795, 595.2, 2684.8, 3263.4, 20493, 21151.5, 19630.4, 19677.1, 22985.9, 22098, 23078.8, 23798.3, 26184, 27095.9, 33534.3, 36214.8, 23858.4, 30941.5, 33824.7, 22303, 18670.6, 23453], [0, 12660.8, 15179.6, 16271.6, 15064.1, 12517.8, 11952.5, 9862.5, 1167.3, 619.9, 0, 5241.2, 19324.9, 17798.2, 19765.9, 6838.7, 8639.5, 10400, 34873, 34609.8, 36810.7, 22812.7, 22873.8, 22875.7, 11418.8, 11655.1, 11140.4, 30623.6, 30531.8, 30500.1, 21061.7, 20218.9, 20059.5, 2167.3, 2764.2, 25195.9, 23020.3, 21298.3, 9759.5, 10778.6, 16318.3, 16921.3, 19005.8, 22089.3, 21742.3, 22594.4, 15350.6, 13754, 12449.9, 25243.6, 19667.1, 19920.6, 20049.9, 13973.6, 15147.3, 10312, 14134.1, 12524.4, 34657.5, 36088.4, 20496.6, 23422.5, 14156.1, 15577.1, 7011.7, 11876.7, 12376, 14204.2, 17080.8, 20396.9, 27200.8, 37080.5, 23993.6, 25698.5, 25088, 24158.8, 24809.9, 27597.4, 17832.1, 18747.1, 20325.5, 16812.1, 18009.5, 35500.9, 35132.1, 36533.8, 36140.5, 37731.7, 40027.7, 37619, 7686.8, 16937.3, 17282.4, 17080.1, 17798.3, 18122.6, 13911.1, 23045.4, 22342.2, 23870.1, 23966.1, 25772, 27804.5, 15092.7, 13827.3, 21635.6, 19968.9, 27424.8, 29872.9, 33521.2, 21347.3, 19545.6, 19479.2, 10547.8, 11396.4, 17286.1, 21517.8, 21707.3, 23844.9, 21009.2, 10922.5, 11311.2, 11415.6, 8033, 11205.4, 13649.8, 22520.7, 18934.5, 17899.2, 22750.7, 22448.2, 17551.4, 19087.5, 21559, 26921.5, 24924.5, 26605.2, 24532.2, 22918.4, 25227.1, 24794.3, 24766.6, 25678.9, 19345.8, 20233.5, 20460.4, 251